Here is the board: 5
 1  2  3  4  5 
 6  7  8  9 10 
11 12 13 14 15 
16 17 18 19 20 
21 22 23 24  0 
 Here is the number of moves: 41 Here is the manhattan distance: 0 Here is the hamming distance: 0Here is the board: 5
 1  2  3  4  5 
 6  7  8  9 10 
11 12 13 14 15 
16 17 18 19 20 
21 22 23  0 24 
 Here is the number of moves: 40 Here is the manhattan distance: 1 Here is the hamming distance: 1Here is the board: 5
 1  2  3  4  5 
 6  7  8  9 10 
11 12 13 14 15 
16 17 18 19 20 
21 22  0 23 24 
 Here is the number of moves: 39 Here is the manhattan distance: 2 Here is the hamming distance: 2Here is the board: 5
 1  2  3  4  5 
 6  7  8  9 10 
11 12 13 14 15 
16 17  0 19 20 
21 22 18 23 24 
 Here is the number of moves: 38 Here is the manhattan distance: 3 Here is the hamming distance: 3Here is the board: 5
 1  2  3  4  5 
 6  7  8  9 10 
11 12 13 14 15 
16 17 19  0 20 
21 22 18 23 24 
 Here is the number of moves: 37 Here is the manhattan distance: 4 Here is the hamming distance: 4Here is the board: 5
 1  2  3  4  5 
 6  7  8  9 10 
11 12 13 14 15 
16 17 19 23 20 
21 22 18  0 24 
 Here is the number of moves: 36 Here is the manhattan distance: 5 Here is the hamming distance: 4Here is the board: 5
 1  2  3  4  5 
 6  7  8  9 10 
11 12 13 14 15 
16 17 19 23 20 
21 22  0 18 24 
 Here is the number of moves: 35 Here is the manhattan distance: 6 Here is the hamming distance: 4Here is the board: 5
 1  2  3  4  5 
 6  7  8  9 10 
11 12 13 14 15 
16 17 19 23 20 
21  0 22 18 24 
 Here is the number of moves: 34 Here is the manhattan distance: 7 Here is the hamming distance: 5Here is the board: 5
 1  2  3  4  5 
 6  7  8  9 10 
11 12 13 14 15 
16  0 19 23 20 
21 17 22 18 24 
 Here is the number of moves: 33 Here is the manhattan distance: 8 Here is the hamming distance: 6Here is the board: 5
 1  2  3  4  5 
 6  7  8  9 10 
11 12 13 14 15 
 0 16 19 23 20 
21 17 22 18 24 
 Here is the number of moves: 32 Here is the manhattan distance: 9 Here is the hamming distance: 7Here is the board: 5
 1  2  3  4  5 
 6  7  8  9 10 
11 12 13 14 15 
21 16 19 23 20 
 0 17 22 18 24 
 Here is the number of moves: 31 Here is the manhattan distance: 10 Here is the hamming distance: 8Here is the board: 5
 1  2  3  4  5 
 6  7  8  9 10 
11 12 13 14 15 
21 16 19 23 20 
17  0 22 18 24 
 Here is the number of moves: 30 Here is the manhattan distance: 11 Here is the hamming distance: 8Here is the board: 5
 1  2  3  4  5 
 6  7  8  9 10 
11 12 13 14 15 
21  0 19 23 20 
17 16 22 18 24 
 Here is the number of moves: 29 Here is the manhattan distance: 12 Here is the hamming distance: 8Here is the board: 5
 1  2  3  4  5 
 6  7  8  9 10 
11 12 13 14 15 
21 19  0 23 20 
17 16 22 18 24 
 Here is the number of moves: 28 Here is the manhattan distance: 13 Here is the hamming distance: 8Here is the board: 5
 1  2  3  4  5 
 6  7  8  9 10 
11 12 13 14 15 
21 19 22 23 20 
17 16  0 18 24 
 Here is the number of moves: 27 Here is the manhattan distance: 14 Here is the hamming distance: 8Here is the board: 5
 1  2  3  4  5 
 6  7  8  9 10 
11 12 13 14 15 
21 19 22 23 20 
17 16 18  0 24 
 Here is the number of moves: 26 Here is the manhattan distance: 13 Here is the hamming distance: 8Here is the board: 5
 1  2  3  4  5 
 6  7  8  9 10 
11 12 13 14 15 
21 19 22 23 20 
17 16 18 24  0 
 Here is the number of moves: 25 Here is the manhattan distance: 12 Here is the hamming distance: 7Here is the board: 5
 1  2  3  4  5 
 6  7  8  9 10 
11 12 13 14 15 
21 19 22 23  0 
17 16 18 24 20 
 Here is the number of moves: 24 Here is the manhattan distance: 13 Here is the hamming distance: 8Here is the board: 5
 1  2  3  4  5 
 6  7  8  9 10 
11 12 13 14  0 
21 19 22 23 15 
17 16 18 24 20 
 Here is the number of moves: 23 Here is the manhattan distance: 14 Here is the hamming distance: 9Here is the board: 5
 1  2  3  4  5 
 6  7  8  9 10 
11 12 13  0 14 
21 19 22 23 15 
17 16 18 24 20 
 Here is the number of moves: 22 Here is the manhattan distance: 15 Here is the hamming distance: 10Here is the board: 5
 1  2  3  4  5 
 6  7  8  9 10 
11 12  0 13 14 
21 19 22 23 15 
17 16 18 24 20 
 Here is the number of moves: 21 Here is the manhattan distance: 16 Here is the hamming distance: 11Here is the board: 5
 1  2  3  4  5 
 6  7  8  9 10 
11  0 12 13 14 
21 19 22 23 15 
17 16 18 24 20 
 Here is the number of moves: 20 Here is the manhattan distance: 17 Here is the hamming distance: 12Here is the board: 5
 1  2  3  4  5 
 6  7  8  9 10 
11 19 12 13 14 
21  0 22 23 15 
17 16 18 24 20 
 Here is the number of moves: 19 Here is the manhattan distance: 18 Here is the hamming distance: 12Here is the board: 5
 1  2  3  4  5 
 6  7  8  9 10 
11 19 12 13 14 
 0 21 22 23 15 
17 16 18 24 20 
 Here is the number of moves: 18 Here is the manhattan distance: 19 Here is the hamming distance: 12Here is the board: 5
 1  2  3  4  5 
 6  7  8  9 10 
 0 19 12 13 14 
11 21 22 23 15 
17 16 18 24 20 
 Here is the number of moves: 17 Here is the manhattan distance: 20 Here is the hamming distance: 13Here is the board: 5
 1  2  3  4  5 
 6  7  8  9 10 
19  0 12 13 14 
11 21 22 23 15 
17 16 18 24 20 
 Here is the number of moves: 16 Here is the manhattan distance: 21 Here is the hamming distance: 13Here is the board: 5
 1  2  3  4  5 
 6  0  8  9 10 
19  7 12 13 14 
11 21 22 23 15 
17 16 18 24 20 
 Here is the number of moves: 15 Here is the manhattan distance: 22 Here is the hamming distance: 14Here is the board: 5
 1  0  3  4  5 
 6  2  8  9 10 
19  7 12 13 14 
11 21 22 23 15 
17 16 18 24 20 
 Here is the number of moves: 14 Here is the manhattan distance: 23 Here is the hamming distance: 15Here is the board: 5
 1  3  0  4  5 
 6  2  8  9 10 
19  7 12 13 14 
11 21 22 23 15 
17 16 18 24 20 
 Here is the number of moves: 13 Here is the manhattan distance: 24 Here is the hamming distance: 16Here is the board: 5
 1  3  8  4  5 
 6  2  0  9 10 
19  7 12 13 14 
11 21 22 23 15 
17 16 18 24 20 
 Here is the number of moves: 12 Here is the manhattan distance: 25 Here is the hamming distance: 17Here is the board: 5
 1  3  8  4  5 
 6  0  2  9 10 
19  7 12 13 14 
11 21 22 23 15 
17 16 18 24 20 
 Here is the number of moves: 11 Here is the manhattan distance: 26 Here is the hamming distance: 17Here is the board: 5
 1  3  8  4  5 
 0  6  2  9 10 
19  7 12 13 14 
11 21 22 23 15 
17 16 18 24 20 
 Here is the number of moves: 10 Here is the manhattan distance: 27 Here is the hamming distance: 18Here is the board: 5
 0  3  8  4  5 
 1  6  2  9 10 
19  7 12 13 14 
11 21 22 23 15 
17 16 18 24 20 
 Here is the number of moves: 9 Here is the manhattan distance: 28 Here is the hamming distance: 19Here is the board: 5
 3  0  8  4  5 
 1  6  2  9 10 
19  7 12 13 14 
11 21 22 23 15 
17 16 18 24 20 
 Here is the number of moves: 8 Here is the manhattan distance: 29 Here is the hamming distance: 19Here is the board: 5
 3  8  0  4  5 
 1  6  2  9 10 
19  7 12 13 14 
11 21 22 23 15 
17 16 18 24 20 
 Here is the number of moves: 7 Here is the manhattan distance: 30 Here is the hamming distance: 19Here is the board: 5
 3  8  2  4  5 
 1  6  0  9 10 
19  7 12 13 14 
11 21 22 23 15 
17 16 18 24 20 
 Here is the number of moves: 6 Here is the manhattan distance: 29 Here is the hamming distance: 19Here is the board: 5
 3  8  2  4  5 
 1  6  9  0 10 
19  7 12 13 14 
11 21 22 23 15 
17 16 18 24 20 
 Here is the number of moves: 5 Here is the manhattan distance: 30 Here is the hamming distance: 20Here is the board: 5
 3  8  2  4  5 
 1  6  9 10  0 
19  7 12 13 14 
11 21 22 23 15 
17 16 18 24 20 
 Here is the number of moves: 4 Here is the manhattan distance: 31 Here is the hamming distance: 21Here is the board: 5
 3  8  2  4  5 
 1  6  9 10 14 
19  7 12 13  0 
11 21 22 23 15 
17 16 18 24 20 
 Here is the number of moves: 3 Here is the manhattan distance: 32 Here is the hamming distance: 21Here is the board: 5
 3  8  2  4  5 
 1  6  9 10 14 
19  7 12  0 13 
11 21 22 23 15 
17 16 18 24 20 
 Here is the number of moves: 2 Here is the manhattan distance: 33 Here is the hamming distance: 21Here is the board: 5
 3  8  2  4  5 
 1  6  9  0 14 
19  7 12 10 13 
11 21 22 23 15 
17 16 18 24 20 
 Here is the number of moves: 1 Here is the manhattan distance: 34 Here is the hamming distance: 21Here is the board: 5
 3  8  2  4  5 
 1  6  0  9 14 
19  7 12 10 13 
11 21 22 23 15 
17 16 18 24 20 
 Here is the number of moves: 0 Here is the manhattan distance: 33 Here is the hamming distance: 20