Here is the board: 8
 1  2  3  4  5  6  7  8 
 9 10 11 12 13 14 15 16 
17 18 19 20 21 22 23 24 
25 26 27 28 29 30 31 32 
33 34 35 36 37 38 39 40 
41 42 43 44 45 46 47 48 
49 50 51 52 53 54 55 56 
57 58 59 60 61 62 63  0 
 Here is the number of moves: 15 Here is the manhattan distance: 0 Here is the hamming distance: 0Here is the board: 8
 1  2  3  4  5  6  7  8 
 9 10 11 12 13 14 15 16 
17 18 19 20 21 22 23 24 
25 26 27 28 29 30 31 32 
33 34 35 36 37 38 39 40 
41 42 43 44 45 46 47 48 
49 50 51 52 53 54 55 56 
57 58 59 60 61 62  0 63 
 Here is the number of moves: 14 Here is the manhattan distance: 1 Here is the hamming distance: 1Here is the board: 8
 1  2  3  4  5  6  7  8 
 9 10 11 12 13 14 15 16 
17 18 19 20 21 22 23 24 
25 26 27 28 29 30 31 32 
33 34 35 36 37 38 39 40 
41 42 43 44 45 46 47 48 
49 50 51 52 53 54  0 56 
57 58 59 60 61 62 55 63 
 Here is the number of moves: 13 Here is the manhattan distance: 2 Here is the hamming distance: 2Here is the board: 8
 1  2  3  4  5  6  7  8 
 9 10 11 12 13 14 15 16 
17 18 19 20 21 22 23 24 
25 26 27 28 29 30 31 32 
33 34 35 36 37 38 39 40 
41 42 43 44 45 46 47 48 
49 50 51 52 53  0 54 56 
57 58 59 60 61 62 55 63 
 Here is the number of moves: 12 Here is the manhattan distance: 3 Here is the hamming distance: 3Here is the board: 8
 1  2  3  4  5  6  7  8 
 9 10 11 12 13 14 15 16 
17 18 19 20 21 22 23 24 
25 26 27 28 29 30 31 32 
33 34 35 36 37 38 39 40 
41 42 43 44 45 46 47 48 
49 50 51 52  0 53 54 56 
57 58 59 60 61 62 55 63 
 Here is the number of moves: 11 Here is the manhattan distance: 4 Here is the hamming distance: 4Here is the board: 8
 1  2  3  4  5  6  7  8 
 9 10 11 12 13 14 15 16 
17 18 19 20 21 22 23 24 
25 26 27 28 29 30 31 32 
33 34 35 36 37 38 39 40 
41 42 43 44 45 46 47 48 
49 50 51 52 61 53 54 56 
57 58 59 60  0 62 55 63 
 Here is the number of moves: 10 Here is the manhattan distance: 5 Here is the hamming distance: 5Here is the board: 8
 1  2  3  4  5  6  7  8 
 9 10 11 12 13 14 15 16 
17 18 19 20 21 22 23 24 
25 26 27 28 29 30 31 32 
33 34 35 36 37 38 39 40 
41 42 43 44 45 46 47 48 
49 50 51 52 61 53 54 56 
57 58 59  0 60 62 55 63 
 Here is the number of moves: 9 Here is the manhattan distance: 6 Here is the hamming distance: 6Here is the board: 8
 1  2  3  4  5  6  7  8 
 9 10 11 12 13 14 15 16 
17 18 19 20 21 22 23 24 
25 26 27 28 29 30 31 32 
33 34 35 36 37 38 39 40 
41 42 43 44 45 46 47 48 
49 50 51  0 61 53 54 56 
57 58 59 52 60 62 55 63 
 Here is the number of moves: 8 Here is the manhattan distance: 7 Here is the hamming distance: 7Here is the board: 8
 1  2  3  4  5  6  7  8 
 9 10 11 12 13 14 15 16 
17 18 19 20 21 22 23 24 
25 26 27 28 29 30 31 32 
33 34 35 36 37 38 39 40 
41 42 43  0 45 46 47 48 
49 50 51 44 61 53 54 56 
57 58 59 52 60 62 55 63 
 Here is the number of moves: 7 Here is the manhattan distance: 8 Here is the hamming distance: 8Here is the board: 8
 1  2  3  4  5  6  7  8 
 9 10 11 12 13 14 15 16 
17 18 19 20 21 22 23 24 
25 26 27 28 29 30 31 32 
33 34 35 36 37 38 39 40 
41 42  0 43 45 46 47 48 
49 50 51 44 61 53 54 56 
57 58 59 52 60 62 55 63 
 Here is the number of moves: 6 Here is the manhattan distance: 9 Here is the hamming distance: 9Here is the board: 8
 1  2  3  4  5  6  7  8 
 9 10 11 12 13 14 15 16 
17 18 19 20 21 22 23 24 
25 26 27 28 29 30 31 32 
33 34 35 36 37 38 39 40 
41  0 42 43 45 46 47 48 
49 50 51 44 61 53 54 56 
57 58 59 52 60 62 55 63 
 Here is the number of moves: 5 Here is the manhattan distance: 10 Here is the hamming distance: 10Here is the board: 8
 1  2  3  4  5  6  7  8 
 9 10 11 12 13 14 15 16 
17 18 19 20 21 22 23 24 
25 26 27 28 29 30 31 32 
33 34 35 36 37 38 39 40 
 0 41 42 43 45 46 47 48 
49 50 51 44 61 53 54 56 
57 58 59 52 60 62 55 63 
 Here is the number of moves: 4 Here is the manhattan distance: 11 Here is the hamming distance: 11Here is the board: 8
 1  2  3  4  5  6  7  8 
 9 10 11 12 13 14 15 16 
17 18 19 20 21 22 23 24 
25 26 27 28 29 30 31 32 
 0 34 35 36 37 38 39 40 
33 41 42 43 45 46 47 48 
49 50 51 44 61 53 54 56 
57 58 59 52 60 62 55 63 
 Here is the number of moves: 3 Here is the manhattan distance: 12 Here is the hamming distance: 12Here is the board: 8
 1  2  3  4  5  6  7  8 
 9 10 11 12 13 14 15 16 
17 18 19 20 21 22 23 24 
25 26 27 28 29 30 31 32 
34  0 35 36 37 38 39 40 
33 41 42 43 45 46 47 48 
49 50 51 44 61 53 54 56 
57 58 59 52 60 62 55 63 
 Here is the number of moves: 2 Here is the manhattan distance: 13 Here is the hamming distance: 13Here is the board: 8
 1  2  3  4  5  6  7  8 
 9 10 11 12 13 14 15 16 
17 18 19 20 21 22 23 24 
25  0 27 28 29 30 31 32 
34 26 35 36 37 38 39 40 
33 41 42 43 45 46 47 48 
49 50 51 44 61 53 54 56 
57 58 59 52 60 62 55 63 
 Here is the number of moves: 1 Here is the manhattan distance: 14 Here is the hamming distance: 14Here is the board: 8
 1  2  3  4  5  6  7  8 
 9 10 11 12 13 14 15 16 
17 18 19 20 21 22 23 24 
 0 25 27 28 29 30 31 32 
34 26 35 36 37 38 39 40 
33 41 42 43 45 46 47 48 
49 50 51 44 61 53 54 56 
57 58 59 52 60 62 55 63 
 Here is the number of moves: 0 Here is the manhattan distance: 15 Here is the hamming distance: 15